Kernel Interface table
Iface      MTU    RX-OK RX-ERR RX-DRP RX-OVR    TX-OK TX-ERR TX-DRP TX-OVR Flg
enp0s31f  1500   956119      0      0 0        115856      0      0      0 BMRU
lo       65536   664917      0      0 0        664917      0      0      0 LRU
s1-eth1   1500   524161      0      0 0        516686      0      0      0 BMRU
s1-eth2   1500   347850      0      0 0        341193      0      0      0 BMRU
s1-eth3   1500   355484      0      0 0        346570      0      0      0 BMRU
s1-eth4   1500   353777      0      0 0        348367      0      0      0 BMRU
s1-eth5   1500   321245      0      0 0        316323      0      0      0 BMRU
s1-eth6   1500   293398      0      0 0        286627      0      0      0 BMRU
s1-eth7   1500   292881      0      0 0        286790      0      0      0 BMRU
s1-eth8   1500   287909      0      0 0        279624      0      0      0 BMRU
s1-eth9   1500   294950      0      0 0        285980      0      0      0 BMRU
s1-eth10  1500   279426      0      0 0        271468      0      0      0 BMRU
s1-eth11  1500   288082      0      0 0        279616      0      0      0 BMRU
s1-eth12  1500   289589      0      0 0        282264      0      0      0 BMRU
s1-eth13  1500   273526      0      0 0        264100      0      0      0 BMRU
s1-eth14  1500   267865      0      0 0        260153      0      0      0 BMRU
s1-eth15  1500   269456      0      0 0        261450      0      0      0 BMRU
s1-eth16  1500   268959      0      0 0        261258      0      0      0 BMRU
s1-eth17  1500   272255      0      0 0        263370      0      0      0 BMRU
s1-eth18  1500   282812      0      0 0        277577      0      0      0 BMRU
s1-eth19  1500   278410      0      0 0        269246      0      0      0 BMRU
s1-eth20  1500   266275      0      0 0        259568      0      0      0 BMRU
s1-eth21  1500   270852      0      0 0        263108      0      0      0 BMRU
s1-eth22  1500   265547      0      0 0        259396      0      0      0 BMRU
s1-eth23  1500   298307      0      0 0        291553      0      0      0 BMRU
s1-eth24  1500   279364      0      0 0        270359      0      0      0 BMRU
s1-eth25  1500   274222      0      0 0        267197      0      0      0 BMRU
s1-eth26  1500   274432      0      0 0        267111      0      0      0 BMRU
s1-eth27  1500   268854      0      0 0        262783      0      0      0 BMRU
s1-eth28  1500   264757      0      0 0        257773      0      0      0 BMRU
s1-eth29  1500   262179      0      0 0        253478      0      0      0 BMRU
s1-eth30  1500   262005      0      0 0        254369      0      0      0 BMRU
s1-eth31  1500   263290      0      0 0        256867      0      0      0 BMRU
s1-eth32  1500   271430      0      0 0        260389      0      0      0 BMRU
s1-eth33  1500   269208      0      0 0        262938      0      0      0 BMRU
s1-eth34  1500   255446      0      0 0        246245      0      0      0 BMRU
s1-eth35  1500   274081      0      0 0        264191      0      0      0 BMRU
s1-eth36  1500   258415      0      0 0        250159      0      0      0 BMRU
s1-eth37  1500   263924      0      0 0        256816      0      0      0 BMRU
s1-eth38  1500   270403      0      0 0        260855      0      0      0 BMRU
s1-eth39  1500   262321      0      0 0        254624      0      0      0 BMRU
s1-eth40  1500   262800      0      0 0        255723      0      0      0 BMRU
s1-eth41  1500   274973      0      0 0        265839      0      0      0 BMRU
s1-eth42  1500   261393      0      0 0        253704      0      0      0 BMRU
s1-eth43  1500   261934      0      0 0        255059      0      0      0 BMRU
s1-eth44  1500   260372      0      0 0        252187      0      0      0 BMRU
s1-eth45  1500   263389      0      0 0        256025      0      0      0 BMRU
s1-eth46  1500   259166      0      0 0        249556      0      0      0 BMRU
s1-eth47  1500   261524      0      0 0        252765      0      0      0 BMRU
s1-eth48  1500   271513      0      0 0        262373      0      0      0 BMRU
s1-eth49  1500   252821      0      0 0        247191      0      0      0 BMRU
s1-eth50  1500   259015      0      0 0        251139      0      0      0 BMRU
s1-eth51  1500   275692      0      0 0        264751      0      0      0 BMRU
s1-eth52  1500   257469      0      0 0        250249      0      0      0 BMRU
s1-eth53  1500   259128      0      0 0        249780      0      0      0 BMRU
s1-eth54  1500   267045      0      0 0        258965      0      0      0 BMRU
s1-eth55  1500   260767      0      0 0        250697      0      0      0 BMRU
s1-eth56  1500   260052      0      0 0        254401      0      0      0 BMRU
s1-eth57  1500   250082      0      0 0        242215      0      0      0 BMRU
s1-eth58  1500   255149      0      0 0        249486      0      0      0 BMRU
s1-eth59  1500   247436      0      0 0        240391      0      0      0 BMRU
s1-eth60  1500   256281      0      0 0        247933      0      0      0 BMRU
s1-eth61  1500   257590      0      0 0        249611      0      0      0 BMRU
s1-eth62  1500   253756      0      0 0        246777      0      0      0 BMRU
s1-eth63  1500   261698      0      0 0        253653      0      0      0 BMRU
s1-eth64  1500   260329      0      0 0        252563      0      0      0 BMRU
s1-eth65  1500   256101      0      0 0        248316      0      0      0 BMRU
s1-eth66  1500   247779      0      0 0        240660      0      0      0 BMRU
s1-eth67  1500   265253      0      0 0        257726      0      0      0 BMRU
s1-eth68  1500   249343      0      0 0        241371      0      0      0 BMRU
s1-eth69  1500   264730      0      0 0        257439      0      0      0 BMRU
s1-eth70  1500   256754      0      0 0        250693      0      0      0 BMRU
s1-eth71  1500   261563      0      0 0        253920      0      0      0 BMRU
s1-eth72  1500   252452      0      0 0        243222      0      0      0 BMRU
s1-eth73  1500   254879      0      0 0        246178      0      0      0 BMRU
s1-eth74  1500   265428      0      0 0        258548      0      0      0 BMRU
s1-eth75  1500   258132      0      0 0        249694      0      0      0 BMRU
s1-eth76  1500   263761      0      0 0        256068      0      0      0 BMRU
s1-eth77  1500   279698      0      0 0        271031      0      0      0 BMRU
s1-eth78  1500   255950      0      0 0        248610      0      0      0 BMRU
s1-eth79  1500   261130      0      0 0        252814      0      0      0 BMRU
s1-eth80  1500   257561      0      0 0        249641      0      0      0 BMRU
s1-eth81  1500   262901      0      0 0        253055      0      0      0 BMRU
s1-eth82  1500   267070      0      0 0        259357      0      0      0 BMRU
s1-eth83  1500   256966      0      0 0        249758      0      0      0 BMRU
s1-eth84  1500   265586      0      0 0        257968      0      0      0 BMRU
s1-eth85  1500   254404      0      0 0        245050      0      0      0 BMRU
s1-eth86  1500   264785      0      0 0        256290      0      0      0 BMRU
s1-eth87  1500   267752      0      0 0        259935      0      0      0 BMRU
s1-eth88  1500   262013      0      0 0        254586      0      0      0 BMRU
s1-eth89  1500   262866      0      0 0        254398      0      0      0 BMRU
s1-eth90  1500   252850      0      0 0        244774      0      0      0 BMRU
s1-eth91  1500   274170      0      0 0        265657      0      0      0 BMRU
s1-eth92  1500   262825      0      0 0        255245      0      0      0 BMRU
s1-eth93  1500   253689      0      0 0        246620      0      0      0 BMRU
s1-eth94  1500   261147      0      0 0        254122      0      0      0 BMRU
s1-eth95  1500   235383      0      0 0        228715      0      0      0 BMRU
s1-eth96  1500   270363      0      0 0        263392      0      0      0 BMRU
s1-eth97  1500   260819      0      0 0        252943      0      0      0 BMRU
s1-eth98  1500   284877      0      0 0        276278      0      0      0 BMRU
s1-eth99  1500   276624      0      0 0        270379      0      0      0 BMRU
s1-eth10  1500   299049      0      0 0        292740      0      0      0 BMRU
s1-eth10  1500 26322117      0      0 0      27135522      0      0      0 BMRU
Kernel Interface table
Iface      MTU    RX-OK RX-ERR RX-DRP RX-OVR    TX-OK TX-ERR TX-DRP TX-OVR Flg
enp0s31f  1500   956185      0      0 0        115858      0      0      0 BMRU
lo       65536   665176      0      0 0        665176      0      0      0 LRU
s1-eth1   1500   525206      0      0 0        517654      0      0      0 BMRU
s1-eth2   1500   349056      0      0 0        342302      0      0      0 BMRU
s1-eth3   1500   356822      0      0 0        347789      0      0      0 BMRU
s1-eth4   1500   355491      0      0 0        349927      0      0      0 BMRU
s1-eth5   1500   322798      0      0 0        317545      0      0      0 BMRU
s1-eth6   1500   295640      0      0 0        288646      0      0      0 BMRU
s1-eth7   1500   293841      0      0 0        287634      0      0      0 BMRU
s1-eth8   1500   290146      0      0 0        281426      0      0      0 BMRU
s1-eth9   1500   295893      0      0 0        286859      0      0      0 BMRU
s1-eth10  1500   280427      0      0 0        272245      0      0      0 BMRU
s1-eth11  1500   289615      0      0 0        280940      0      0      0 BMRU
s1-eth12  1500   291244      0      0 0        283782      0      0      0 BMRU
s1-eth13  1500   278072      0      0 0        267248      0      0      0 BMRU
s1-eth14  1500   269173      0      0 0        261322      0      0      0 BMRU
s1-eth15  1500   270322      0      0 0        262237      0      0      0 BMRU
s1-eth16  1500   270515      0      0 0        262632      0      0      0 BMRU
s1-eth17  1500   273264      0      0 0        264228      0      0      0 BMRU
s1-eth18  1500   284231      0      0 0        278549      0      0      0 BMRU
s1-eth19  1500   279421      0      0 0        270154      0      0      0 BMRU
s1-eth20  1500   267321      0      0 0        260491      0      0      0 BMRU
s1-eth21  1500   274500      0      0 0        265515      0      0      0 BMRU
s1-eth22  1500   265934      0      0 0        259765      0      0      0 BMRU
s1-eth23  1500   299129      0      0 0        292322      0      0      0 BMRU
s1-eth24  1500   280133      0      0 0        271019      0      0      0 BMRU
s1-eth25  1500   275369      0      0 0        268220      0      0      0 BMRU
s1-eth26  1500   275131      0      0 0        267764      0      0      0 BMRU
s1-eth27  1500   269532      0      0 0        263428      0      0      0 BMRU
s1-eth28  1500   265638      0      0 0        258582      0      0      0 BMRU
s1-eth29  1500   263222      0      0 0        254430      0      0      0 BMRU
s1-eth30  1500   267767      0      0 0        258033      0      0      0 BMRU
s1-eth31  1500   266559      0      0 0        259123      0      0      0 BMRU
s1-eth32  1500   271996      0      0 0        260894      0      0      0 BMRU
s1-eth33  1500   269980      0      0 0        263624      0      0      0 BMRU
s1-eth34  1500   256928      0      0 0        247507      0      0      0 BMRU
s1-eth35  1500   274793      0      0 0        264862      0      0      0 BMRU
s1-eth36  1500   258776      0      0 0        250491      0      0      0 BMRU
s1-eth37  1500   264970      0      0 0        257777      0      0      0 BMRU
s1-eth38  1500   272823      0      0 0        262913      0      0      0 BMRU
s1-eth39  1500   271866      0      0 0        261417      0      0      0 BMRU
s1-eth40  1500   263900      0      0 0        256716      0      0      0 BMRU
s1-eth41  1500   275740      0      0 0        266515      0      0      0 BMRU
s1-eth42  1500   262407      0      0 0        254651      0      0      0 BMRU
s1-eth43  1500   262561      0      0 0        255651      0      0      0 BMRU
s1-eth44  1500   267902      0      0 0        256601      0      0      0 BMRU
s1-eth45  1500   264327      0      0 0        256873      0      0      0 BMRU
s1-eth46  1500   259904      0      0 0        250233      0      0      0 BMRU
s1-eth47  1500   263918      0      0 0        254708      0      0      0 BMRU
s1-eth48  1500   271946      0      0 0        262774      0      0      0 BMRU
s1-eth49  1500   254033      0      0 0        248242      0      0      0 BMRU
s1-eth50  1500   261491      0      0 0        253044      0      0      0 BMRU
s1-eth51  1500   276492      0      0 0        265500      0      0      0 BMRU
s1-eth52  1500   259386      0      0 0        251869      0      0      0 BMRU
s1-eth53  1500   260135      0      0 0        250715      0      0      0 BMRU
s1-eth54  1500   268758      0      0 0        260528      0      0      0 BMRU
s1-eth55  1500   262569      0      0 0        252047      0      0      0 BMRU
s1-eth56  1500   261190      0      0 0        255410      0      0      0 BMRU
s1-eth57  1500   251023      0      0 0        243056      0      0      0 BMRU
s1-eth58  1500   255466      0      0 0        249789      0      0      0 BMRU
s1-eth59  1500   248852      0      0 0        241660      0      0      0 BMRU
s1-eth60  1500   256902      0      0 0        248500      0      0      0 BMRU
s1-eth61  1500   258308      0      0 0        250231      0      0      0 BMRU
s1-eth62  1500   255164      0      0 0        248053      0      0      0 BMRU
s1-eth63  1500   262177      0      0 0        254099      0      0      0 BMRU
s1-eth64  1500   264853      0      0 0        255994      0      0      0 BMRU
s1-eth65  1500   257239      0      0 0        249218      0      0      0 BMRU
s1-eth66  1500   248951      0      0 0        241611      0      0      0 BMRU
s1-eth67  1500   266226      0      0 0        258509      0      0      0 BMRU
s1-eth68  1500   250328      0      0 0        242238      0      0      0 BMRU
s1-eth69  1500   265711      0      0 0        258286      0      0      0 BMRU
s1-eth70  1500   257332      0      0 0        251235      0      0      0 BMRU
s1-eth71  1500   264643      0      0 0        255595      0      0      0 BMRU
s1-eth72  1500   253782      0      0 0        244407      0      0      0 BMRU
s1-eth73  1500   255859      0      0 0        247070      0      0      0 BMRU
s1-eth74  1500   281132      0      0 0        273009      0      0      0 BMRU
s1-eth75  1500   259251      0      0 0        250685      0      0      0 BMRU
s1-eth76  1500   264979      0      0 0        257167      0      0      0 BMRU
s1-eth77  1500   281121      0      0 0        272365      0      0      0 BMRU
s1-eth78  1500   257166      0      0 0        249752      0      0      0 BMRU
s1-eth79  1500   262201      0      0 0        253798      0      0      0 BMRU
s1-eth80  1500   258385      0      0 0        250374      0      0      0 BMRU
s1-eth81  1500   264507      0      0 0        254172      0      0      0 BMRU
s1-eth82  1500   267948      0      0 0        260157      0      0      0 BMRU
s1-eth83  1500   257497      0      0 0        250216      0      0      0 BMRU
s1-eth84  1500   266639      0      0 0        258851      0      0      0 BMRU
s1-eth85  1500   255279      0      0 0        245840      0      0      0 BMRU
s1-eth86  1500   266149      0      0 0        257230      0      0      0 BMRU
s1-eth87  1500   268363      0      0 0        260417      0      0      0 BMRU
s1-eth88  1500   264300      0      0 0        256244      0      0      0 BMRU
s1-eth89  1500   263897      0      0 0        255327      0      0      0 BMRU
s1-eth90  1500   254042      0      0 0        245802      0      0      0 BMRU
s1-eth91  1500   274897      0      0 0        266332      0      0      0 BMRU
s1-eth92  1500   263989      0      0 0        256207      0      0      0 BMRU
s1-eth93  1500   254605      0      0 0        247421      0      0      0 BMRU
s1-eth94  1500   262956      0      0 0        255684      0      0      0 BMRU
s1-eth95  1500   236980      0      0 0        230023      0      0      0 BMRU
s1-eth96  1500   271104      0      0 0        264076      0      0      0 BMRU
s1-eth97  1500   262077      0      0 0        254080      0      0      0 BMRU
s1-eth98  1500   286301      0      0 0        277506      0      0      0 BMRU
s1-eth99  1500   277755      0      0 0        271393      0      0      0 BMRU
s1-eth10  1500   299913      0      0 0        293534      0      0      0 BMRU
s1-eth10  1500 26454036      0      0 0      27296600      0      0      0 BMRU
Kernel Interface table
Iface      MTU    RX-OK RX-ERR RX-DRP RX-OVR    TX-OK TX-ERR TX-DRP TX-OVR Flg
enp0s31f  1500   956482      0      0 0        115880      0      0      0 BMRU
lo       65536   665882      0      0 0        665882      0      0      0 LRU
s1-eth1   1500   565003      0      0 0        557221      0      0      0 BMRU
s1-eth2   1500   377186      0      0 0        370286      0      0      0 BMRU
s1-eth3   1500   382777      0      0 0        373607      0      0      0 BMRU
s1-eth4   1500   381094      0      0 0        375388      0      0      0 BMRU
s1-eth5   1500   337063      0      0 0        331330      0      0      0 BMRU
s1-eth6   1500   311828      0      0 0        304317      0      0      0 BMRU
s1-eth7   1500   309075      0      0 0        302480      0      0      0 BMRU
s1-eth8   1500   319755      0      0 0        310965      0      0      0 BMRU
s1-eth9   1500   320635      0      0 0        311508      0      0      0 BMRU
s1-eth10  1500   295839      0      0 0        286844      0      0      0 BMRU
s1-eth11  1500   304392      0      0 0        295309      0      0      0 BMRU
s1-eth12  1500   314747      0      0 0        307079      0      0      0 BMRU
s1-eth13  1500   293063      0      0 0        281968      0      0      0 BMRU
s1-eth14  1500   284252      0      0 0        276146      0      0      0 BMRU
s1-eth15  1500   285440      0      0 0        277179      0      0      0 BMRU
s1-eth16  1500   292018      0      0 0        283954      0      0      0 BMRU
s1-eth17  1500   286356      0      0 0        277073      0      0      0 BMRU
s1-eth18  1500   295810      0      0 0        289841      0      0      0 BMRU
s1-eth19  1500   294924      0      0 0        285129      0      0      0 BMRU
s1-eth20  1500   279334      0      0 0        272274      0      0      0 BMRU
s1-eth21  1500   289903      0      0 0        280567      0      0      0 BMRU
s1-eth22  1500   276707      0      0 0        270240      0      0      0 BMRU
s1-eth23  1500   310877      0      0 0        303706      0      0      0 BMRU
s1-eth24  1500   293626      0      0 0        284160      0      0      0 BMRU
s1-eth25  1500   287972      0      0 0        280619      0      0      0 BMRU
s1-eth26  1500   287339      0      0 0        279568      0      0      0 BMRU
s1-eth27  1500   281340      0      0 0        274967      0      0      0 BMRU
s1-eth28  1500   281631      0      0 0        274090      0      0      0 BMRU
s1-eth29  1500   278364      0      0 0        269179      0      0      0 BMRU
s1-eth30  1500   279774      0      0 0        269657      0      0      0 BMRU
s1-eth31  1500   282412      0      0 0        274560      0      0      0 BMRU
s1-eth32  1500   284837      0      0 0        273460      0      0      0 BMRU
s1-eth33  1500   282795      0      0 0        276154      0      0      0 BMRU
s1-eth34  1500   269049      0      0 0        259205      0      0      0 BMRU
s1-eth35  1500   288689      0      0 0        278439      0      0      0 BMRU
s1-eth36  1500   270697      0      0 0        262129      0      0      0 BMRU
s1-eth37  1500   275204      0      0 0        267743      0      0      0 BMRU
s1-eth38  1500   284542      0      0 0        274360      0      0      0 BMRU
s1-eth39  1500   286930      0      0 0        276023      0      0      0 BMRU
s1-eth40  1500   276000      0      0 0        268527      0      0      0 BMRU
s1-eth41  1500   287105      0      0 0        277503      0      0      0 BMRU
s1-eth42  1500   274531      0      0 0        266468      0      0      0 BMRU
s1-eth43  1500   273935      0      0 0        266760      0      0      0 BMRU
s1-eth44  1500   277510      0      0 0        265982      0      0      0 BMRU
s1-eth45  1500   275251      0      0 0        267529      0      0      0 BMRU
s1-eth46  1500   274059      0      0 0        263949      0      0      0 BMRU
s1-eth47  1500   275436      0      0 0        265820      0      0      0 BMRU
s1-eth48  1500   287439      0      0 0        277886      0      0      0 BMRU
s1-eth49  1500   266131      0      0 0        260061      0      0      0 BMRU
s1-eth50  1500   272507      0      0 0        263760      0      0      0 BMRU
s1-eth51  1500   289721      0      0 0        278424      0      0      0 BMRU
s1-eth52  1500   270478      0      0 0        262678      0      0      0 BMRU
s1-eth53  1500   271617      0      0 0        261913      0      0      0 BMRU
s1-eth54  1500   282160      0      0 0        273704      0      0      0 BMRU
s1-eth55  1500   274228      0      0 0        263335      0      0      0 BMRU
s1-eth56  1500   276645      0      0 0        270481      0      0      0 BMRU
s1-eth57  1500   267223      0      0 0        258769      0      0      0 BMRU
s1-eth58  1500   266163      0      0 0        260122      0      0      0 BMRU
s1-eth59  1500   257074      0      0 0        249632      0      0      0 BMRU
s1-eth60  1500   268374      0      0 0        259443      0      0      0 BMRU
s1-eth61  1500   272779      0      0 0        264316      0      0      0 BMRU
s1-eth62  1500   269573      0      0 0        262016      0      0      0 BMRU
s1-eth63  1500   272541      0      0 0        264146      0      0      0 BMRU
s1-eth64  1500   276509      0      0 0        267312      0      0      0 BMRU
s1-eth65  1500   268629      0      0 0        260154      0      0      0 BMRU
s1-eth66  1500   260225      0      0 0        252506      0      0      0 BMRU
s1-eth67  1500   277797      0      0 0        269429      0      0      0 BMRU
s1-eth68  1500   262589      0      0 0        253802      0      0      0 BMRU
s1-eth69  1500   276517      0      0 0        268788      0      0      0 BMRU
s1-eth70  1500   265935      0      0 0        259576      0      0      0 BMRU
s1-eth71  1500   276177      0      0 0        266813      0      0      0 BMRU
s1-eth72  1500   266009      0      0 0        256305      0      0      0 BMRU
s1-eth73  1500   267213      0      0 0        258087      0      0      0 BMRU
s1-eth74  1500   298050      0      0 0        288990      0      0      0 BMRU
s1-eth75  1500   270336      0      0 0        261402      0      0      0 BMRU
s1-eth76  1500   276301      0      0 0        268164      0      0      0 BMRU
s1-eth77  1500   292181      0      0 0        283110      0      0      0 BMRU
s1-eth78  1500   268238      0      0 0        259679      0      0      0 BMRU
s1-eth79  1500   273282      0      0 0        264540      0      0      0 BMRU
s1-eth80  1500   270649      0      0 0        262307      0      0      0 BMRU
s1-eth81  1500   275756      0      0 0        265119      0      0      0 BMRU
s1-eth82  1500   287275      0      0 0        279214      0      0      0 BMRU
s1-eth83  1500   273277      0      0 0        265577      0      0      0 BMRU
s1-eth84  1500   278310      0      0 0        270159      0      0      0 BMRU
s1-eth85  1500   270334      0      0 0        259955      0      0      0 BMRU
s1-eth86  1500   281345      0      0 0        271987      0      0      0 BMRU
s1-eth87  1500   279488      0      0 0        271194      0      0      0 BMRU
s1-eth88  1500   275014      0      0 0        266757      0      0      0 BMRU
s1-eth89  1500   275277      0      0 0        266228      0      0      0 BMRU
s1-eth90  1500   263650      0      0 0        255134      0      0      0 BMRU
s1-eth91  1500   287268      0      0 0        278384      0      0      0 BMRU
s1-eth92  1500   274687      0      0 0        266488      0      0      0 BMRU
s1-eth93  1500   267225      0      0 0        259751      0      0      0 BMRU
s1-eth94  1500   278409      0      0 0        270692      0      0      0 BMRU
s1-eth95  1500   249323      0      0 0        242076      0      0      0 BMRU
s1-eth96  1500   282032      0      0 0        274611      0      0      0 BMRU
s1-eth97  1500   273776      0      0 0        265439      0      0      0 BMRU
s1-eth98  1500   298445      0      0 0        289351      0      0      0 BMRU
s1-eth99  1500   288247      0      0 0        281641      0      0      0 BMRU
s1-eth10  1500   313072      0      0 0        306383      0      0      0 BMRU
s1-eth10  1500 27802502      0      0 0      28680754      0      0      0 BMRU
Kernel Interface table
Iface      MTU    RX-OK RX-ERR RX-DRP RX-OVR    TX-OK TX-ERR TX-DRP TX-OVR Flg
enp0s31f  1500   957648      0      0 0        115906      0      0      0 BMRU
lo       65536   668180      0      0 0        668180      0      0      0 LRU
s1-eth1   1500   592088      0      0 0        584147      0      0      0 BMRU
s1-eth2   1500   393025      0      0 0        385722      0      0      0 BMRU
s1-eth3   1500   402870      0      0 0        393474      0      0      0 BMRU
s1-eth4   1500   404392      0      0 0        398547      0      0      0 BMRU
s1-eth5   1500   353591      0      0 0        347681      0      0      0 BMRU
s1-eth6   1500   327576      0      0 0        319258      0      0      0 BMRU
s1-eth7   1500   324675      0      0 0        317262      0      0      0 BMRU
s1-eth8   1500   340674      0      0 0        331824      0      0      0 BMRU
s1-eth9   1500   335927      0      0 0        326567      0      0      0 BMRU
s1-eth10  1500   311232      0      0 0        301369      0      0      0 BMRU
s1-eth11  1500   317490      0      0 0        308085      0      0      0 BMRU
s1-eth12  1500   332347      0      0 0        324570      0      0      0 BMRU
s1-eth13  1500   308080      0      0 0        296729      0      0      0 BMRU
s1-eth14  1500   299246      0      0 0        290652      0      0      0 BMRU
s1-eth15  1500   300805      0      0 0        292309      0      0      0 BMRU
s1-eth16  1500   309703      0      0 0        301407      0      0      0 BMRU
s1-eth17  1500   301721      0      0 0        292295      0      0      0 BMRU
s1-eth18  1500   310913      0      0 0        304460      0      0      0 BMRU
s1-eth19  1500   311174      0      0 0        300801      0      0      0 BMRU
s1-eth20  1500   294462      0      0 0        287264      0      0      0 BMRU
s1-eth21  1500   306828      0      0 0        297204      0      0      0 BMRU
s1-eth22  1500   292173      0      0 0        285438      0      0      0 BMRU
s1-eth23  1500   326008      0      0 0        318732      0      0      0 BMRU
s1-eth24  1500   309093      0      0 0        299411      0      0      0 BMRU
s1-eth25  1500   305207      0      0 0        297274      0      0      0 BMRU
s1-eth26  1500   302595      0      0 0        294386      0      0      0 BMRU
s1-eth27  1500   298146      0      0 0        291565      0      0      0 BMRU
s1-eth28  1500   290052      0      0 0        282195      0      0      0 BMRU
s1-eth29  1500   293277      0      0 0        283900      0      0      0 BMRU
s1-eth30  1500   294885      0      0 0        284500      0      0      0 BMRU
s1-eth31  1500   298140      0      0 0        289863      0      0      0 BMRU
s1-eth32  1500   299766      0      0 0        288243      0      0      0 BMRU
s1-eth33  1500   297880      0      0 0        290920      0      0      0 BMRU
s1-eth34  1500   284152      0      0 0        273484      0      0      0 BMRU
s1-eth35  1500   303774      0      0 0        293281      0      0      0 BMRU
s1-eth36  1500   285720      0      0 0        276232      0      0      0 BMRU
s1-eth37  1500   290141      0      0 0        282281      0      0      0 BMRU
s1-eth38  1500   299311      0      0 0        288965      0      0      0 BMRU
s1-eth39  1500   301640      0      0 0        290390      0      0      0 BMRU
s1-eth40  1500   290943      0      0 0        283341      0      0      0 BMRU
s1-eth41  1500   302395      0      0 0        292148      0      0      0 BMRU
s1-eth42  1500   289494      0      0 0        281257      0      0      0 BMRU
s1-eth43  1500   288595      0      0 0        281234      0      0      0 BMRU
s1-eth44  1500   292788      0      0 0        280626      0      0      0 BMRU
s1-eth45  1500   290400      0      0 0        282314      0      0      0 BMRU
s1-eth46  1500   289126      0      0 0        278550      0      0      0 BMRU
s1-eth47  1500   290659      0      0 0        280800      0      0      0 BMRU
s1-eth48  1500   302415      0      0 0        292764      0      0      0 BMRU
s1-eth49  1500   280930      0      0 0        274619      0      0      0 BMRU
s1-eth50  1500   287537      0      0 0        278137      0      0      0 BMRU
s1-eth51  1500   304991      0      0 0        292962      0      0      0 BMRU
s1-eth52  1500   285756      0      0 0        277215      0      0      0 BMRU
s1-eth53  1500   286692      0      0 0        276512      0      0      0 BMRU
s1-eth54  1500   298105      0      0 0        289105      0      0      0 BMRU
s1-eth55  1500   289830      0      0 0        278521      0      0      0 BMRU
s1-eth56  1500   292000      0      0 0        285393      0      0      0 BMRU
s1-eth57  1500   282095      0      0 0        273568      0      0      0 BMRU
s1-eth58  1500   280867      0      0 0        274748      0      0      0 BMRU
s1-eth59  1500   271694      0      0 0        263857      0      0      0 BMRU
s1-eth60  1500   283375      0      0 0        273693      0      0      0 BMRU
s1-eth61  1500   287590      0      0 0        279005      0      0      0 BMRU
s1-eth62  1500   284578      0      0 0        276807      0      0      0 BMRU
s1-eth63  1500   287642      0      0 0        278765      0      0      0 BMRU
s1-eth64  1500   291305      0      0 0        281987      0      0      0 BMRU
s1-eth65  1500   283700      0      0 0        275046      0      0      0 BMRU
s1-eth66  1500   274909      0      0 0        266904      0      0      0 BMRU
s1-eth67  1500   292534      0      0 0        283821      0      0      0 BMRU
s1-eth68  1500   277667      0      0 0        268714      0      0      0 BMRU
s1-eth69  1500   291301      0      0 0        283489      0      0      0 BMRU
s1-eth70  1500   280804      0      0 0        274123      0      0      0 BMRU
s1-eth71  1500   290965      0      0 0        281468      0      0      0 BMRU
s1-eth72  1500   281088      0      0 0        270811      0      0      0 BMRU
s1-eth73  1500   282448      0      0 0        273183      0      0      0 BMRU
s1-eth74  1500   313293      0      0 0        303673      0      0      0 BMRU
s1-eth75  1500   284435      0      0 0        275329      0      0      0 BMRU
s1-eth76  1500   290949      0      0 0        282662      0      0      0 BMRU
s1-eth77  1500   307197      0      0 0        296948      0      0      0 BMRU
s1-eth78  1500   283267      0      0 0        273865      0      0      0 BMRU
s1-eth79  1500   288437      0      0 0        279564      0      0      0 BMRU
s1-eth80  1500   276806      0      0 0        268242      0      0      0 BMRU
s1-eth81  1500   291272      0      0 0        280465      0      0      0 BMRU
s1-eth82  1500   294569      0      0 0        286243      0      0      0 BMRU
s1-eth83  1500   288091      0      0 0        280245      0      0      0 BMRU
s1-eth84  1500   293250      0      0 0        284895      0      0      0 BMRU
s1-eth85  1500   285709      0      0 0        275013      0      0      0 BMRU
s1-eth86  1500   296175      0      0 0        285946      0      0      0 BMRU
s1-eth87  1500   295208      0      0 0        286602      0      0      0 BMRU
s1-eth88  1500   291268      0      0 0        282549      0      0      0 BMRU
s1-eth89  1500   290626      0      0 0        281339      0      0      0 BMRU
s1-eth90  1500   277906      0      0 0        268933      0      0      0 BMRU
s1-eth91  1500   302487      0      0 0        293518      0      0      0 BMRU
s1-eth92  1500   289310      0      0 0        280659      0      0      0 BMRU
s1-eth93  1500   282421      0      0 0        274796      0      0      0 BMRU
s1-eth94  1500   293836      0      0 0        285934      0      0      0 BMRU
s1-eth95  1500   266474      0      0 0        258718      0      0      0 BMRU
s1-eth96  1500   297521      0      0 0        289528      0      0      0 BMRU
s1-eth97  1500   289814      0      0 0        280810      0      0      0 BMRU
s1-eth98  1500   313745      0      0 0        304348      0      0      0 BMRU
s1-eth99  1500   304536      0      0 0        297040      0      0      0 BMRU
s1-eth10  1500   329825      0      0 0        322929      0      0      0 BMRU
s1-eth10  1500 29302417      0      0 0      30216379      0      0      0 BMRU
Kernel Interface table
Iface      MTU    RX-OK RX-ERR RX-DRP RX-OVR    TX-OK TX-ERR TX-DRP TX-OVR Flg
enp0s31f  1500   958150      0      0 0        115927      0      0      0 BMRU
lo       65536   668952      0      0 0        668952      0      0      0 LRU
s1-eth1   1500   616371      0      0 0        608334      0      0      0 BMRU
s1-eth2   1500   407987      0      0 0        400204      0      0      0 BMRU
s1-eth3   1500   426068      0      0 0        416306      0      0      0 BMRU
s1-eth4   1500   426470      0      0 0        420500      0      0      0 BMRU
s1-eth5   1500   370955      0      0 0        364834      0      0      0 BMRU
s1-eth6   1500   346419      0      0 0        337721      0      0      0 BMRU
s1-eth7   1500   340035      0      0 0        332390      0      0      0 BMRU
s1-eth8   1500   360519      0      0 0        351595      0      0      0 BMRU
s1-eth9   1500   350761      0      0 0        341092      0      0      0 BMRU
s1-eth10  1500   327151      0      0 0        315665      0      0      0 BMRU
s1-eth11  1500   331959      0      0 0        321965      0      0      0 BMRU
s1-eth12  1500   350686      0      0 0        342749      0      0      0 BMRU
s1-eth13  1500   323658      0      0 0        312054      0      0      0 BMRU
s1-eth14  1500   314373      0      0 0        305439      0      0      0 BMRU
s1-eth15  1500   316291      0      0 0        307279      0      0      0 BMRU
s1-eth16  1500   326274      0      0 0        316814      0      0      0 BMRU
s1-eth17  1500   316841      0      0 0        307244      0      0      0 BMRU
s1-eth18  1500   326297      0      0 0        319259      0      0      0 BMRU
s1-eth19  1500   326372      0      0 0        315583      0      0      0 BMRU
s1-eth20  1500   309577      0      0 0        302041      0      0      0 BMRU
s1-eth21  1500   321897      0      0 0        311717      0      0      0 BMRU
s1-eth22  1500   306936      0      0 0        299554      0      0      0 BMRU
s1-eth23  1500   341407      0      0 0        333406      0      0      0 BMRU
s1-eth24  1500   324352      0      0 0        314557      0      0      0 BMRU
s1-eth25  1500   319781      0      0 0        311401      0      0      0 BMRU
s1-eth26  1500   317965      0      0 0        309193      0      0      0 BMRU
s1-eth27  1500   313337      0      0 0        306429      0      0      0 BMRU
s1-eth28  1500   305366      0      0 0        296949      0      0      0 BMRU
s1-eth29  1500   308560      0      0 0        298673      0      0      0 BMRU
s1-eth30  1500   310062      0      0 0        299525      0      0      0 BMRU
s1-eth31  1500   313171      0      0 0        304728      0      0      0 BMRU
s1-eth32  1500   314818      0      0 0        302914      0      0      0 BMRU
s1-eth33  1500   313158      0      0 0        305671      0      0      0 BMRU
s1-eth34  1500   299389      0      0 0        287923      0      0      0 BMRU
s1-eth35  1500   318914      0      0 0        308014      0      0      0 BMRU
s1-eth36  1500   301165      0      0 0        291004      0      0      0 BMRU
s1-eth37  1500   305498      0      0 0        296900      0      0      0 BMRU
s1-eth38  1500   314100      0      0 0        303514      0      0      0 BMRU
s1-eth39  1500   316642      0      0 0        304832      0      0      0 BMRU
s1-eth40  1500   306931      0      0 0        299066      0      0      0 BMRU
s1-eth41  1500   317699      0      0 0        306976      0      0      0 BMRU
s1-eth42  1500   304368      0      0 0        295869      0      0      0 BMRU
s1-eth43  1500   303198      0      0 0        295508      0      0      0 BMRU
s1-eth44  1500   307472      0      0 0        294894      0      0      0 BMRU
s1-eth45  1500   305187      0      0 0        296997      0      0      0 BMRU
s1-eth46  1500   303760      0      0 0        293112      0      0      0 BMRU
s1-eth47  1500   305652      0      0 0        295695      0      0      0 BMRU
s1-eth48  1500   317451      0      0 0        307685      0      0      0 BMRU
s1-eth49  1500   295934      0      0 0        289529      0      0      0 BMRU
s1-eth50  1500   302382      0      0 0        292852      0      0      0 BMRU
s1-eth51  1500   319563      0      0 0        307340      0      0      0 BMRU
s1-eth52  1500   300288      0      0 0        291663      0      0      0 BMRU
s1-eth53  1500   301514      0      0 0        290787      0      0      0 BMRU
s1-eth54  1500   313053      0      0 0        303925      0      0      0 BMRU
s1-eth55  1500   304564      0      0 0        292711      0      0      0 BMRU
s1-eth56  1500   306165      0      0 0        299306      0      0      0 BMRU
s1-eth57  1500   296739      0      0 0        287895      0      0      0 BMRU
s1-eth58  1500   295777      0      0 0        289515      0      0      0 BMRU
s1-eth59  1500   286966      0      0 0        278659      0      0      0 BMRU
s1-eth60  1500   298634      0      0 0        288710      0      0      0 BMRU
s1-eth61  1500   302122      0      0 0        293362      0      0      0 BMRU
s1-eth62  1500   299278      0      0 0        291396      0      0      0 BMRU
s1-eth63  1500   302462      0      0 0        293459      0      0      0 BMRU
s1-eth64  1500   305880      0      0 0        296402      0      0      0 BMRU
s1-eth65  1500   298590      0      0 0        289753      0      0      0 BMRU
s1-eth66  1500   290051      0      0 0        281855      0      0      0 BMRU
s1-eth67  1500   307758      0      0 0        298075      0      0      0 BMRU
s1-eth68  1500   292194      0      0 0        283114      0      0      0 BMRU
s1-eth69  1500   306421      0      0 0        298444      0      0      0 BMRU
s1-eth70  1500   296674      0      0 0        289238      0      0      0 BMRU
s1-eth71  1500   305478      0      0 0        295675      0      0      0 BMRU
s1-eth72  1500   295391      0      0 0        284939      0      0      0 BMRU
s1-eth73  1500   296997      0      0 0        287571      0      0      0 BMRU
s1-eth74  1500   327959      0      0 0        318068      0      0      0 BMRU
s1-eth75  1500   299575      0      0 0        289746      0      0      0 BMRU
s1-eth76  1500   305320      0      0 0        296830      0      0      0 BMRU
s1-eth77  1500   321124      0      0 0        310700      0      0      0 BMRU
s1-eth78  1500   298832      0      0 0        288597      0      0      0 BMRU
s1-eth79  1500   303537      0      0 0        294562      0      0      0 BMRU
s1-eth80  1500   288949      0      0 0        279930      0      0      0 BMRU
s1-eth81  1500   306127      0      0 0        295228      0      0      0 BMRU
s1-eth82  1500   313181      0      0 0        304490      0      0      0 BMRU
s1-eth83  1500   302926      0      0 0        294847      0      0      0 BMRU
s1-eth84  1500   307824      0      0 0        298952      0      0      0 BMRU
s1-eth85  1500   300068      0      0 0        288961      0      0      0 BMRU
s1-eth86  1500   310612      0      0 0        299428      0      0      0 BMRU
s1-eth87  1500   310656      0      0 0        301901      0      0      0 BMRU
s1-eth88  1500   306252      0      0 0        297393      0      0      0 BMRU
s1-eth89  1500   305246      0      0 0        295835      0      0      0 BMRU
s1-eth90  1500   293992      0      0 0        284388      0      0      0 BMRU
s1-eth91  1500   317169      0      0 0        307807      0      0      0 BMRU
s1-eth92  1500   305500      0      0 0        296305      0      0      0 BMRU
s1-eth93  1500   297905      0      0 0        289242      0      0      0 BMRU
s1-eth94  1500   309395      0      0 0        301289      0      0      0 BMRU
s1-eth95  1500   282488      0      0 0        274483      0      0      0 BMRU
s1-eth96  1500   313632      0      0 0        305112      0      0      0 BMRU
s1-eth97  1500   305359      0      0 0        295522      0      0      0 BMRU
s1-eth98  1500   330064      0      0 0        320115      0      0      0 BMRU
s1-eth99  1500   322084      0      0 0        313776      0      0      0 BMRU
s1-eth10  1500   345671      0      0 0        338080      0      0      0 BMRU
s1-eth10  1500 30812986      0      0 0      31765430      0      0      0 BMRU
Kernel Interface table
Iface      MTU    RX-OK RX-ERR RX-DRP RX-OVR    TX-OK TX-ERR TX-DRP TX-OVR Flg
enp0s31f  1500   959080      0      0 0        115945      0      0      0 BMRU
lo       65536   670949      0      0 0        670949      0      0      0 LRU
s1-eth1   1500   642182      0      0 0        633808      0      0      0 BMRU
s1-eth2   1500   422215      0      0 0        414050      0      0      0 BMRU
s1-eth3   1500   448620      0      0 0        438706      0      0      0 BMRU
s1-eth4   1500   447522      0      0 0        441058      0      0      0 BMRU
s1-eth5   1500   387385      0      0 0        381122      0      0      0 BMRU
s1-eth6   1500   367619      0      0 0        358519      0      0      0 BMRU
s1-eth7   1500   357665      0      0 0        349614      0      0      0 BMRU
s1-eth8   1500   375833      0      0 0        366538      0      0      0 BMRU
s1-eth9   1500   369360      0      0 0        359214      0      0      0 BMRU
s1-eth10  1500   343590      0      0 0        331771      0      0      0 BMRU
s1-eth11  1500   347165      0      0 0        336725      0      0      0 BMRU
s1-eth12  1500   366418      0      0 0        358094      0      0      0 BMRU
s1-eth13  1500   339039      0      0 0        326611      0      0      0 BMRU
s1-eth14  1500   329546      0      0 0        320116      0      0      0 BMRU
s1-eth15  1500   331708      0      0 0        322199      0      0      0 BMRU
s1-eth16  1500   343880      0      0 0        334095      0      0      0 BMRU
s1-eth17  1500   332161      0      0 0        322402      0      0      0 BMRU
s1-eth18  1500   341328      0      0 0        333939      0      0      0 BMRU
s1-eth19  1500   341847      0      0 0        330437      0      0      0 BMRU
s1-eth20  1500   324761      0      0 0        316609      0      0      0 BMRU
s1-eth21  1500   338100      0      0 0        327795      0      0      0 BMRU
s1-eth22  1500   324245      0      0 0        316514      0      0      0 BMRU
s1-eth23  1500   356488      0      0 0        348291      0      0      0 BMRU
s1-eth24  1500   340855      0      0 0        330413      0      0      0 BMRU
s1-eth25  1500   335051      0      0 0        326532      0      0      0 BMRU
s1-eth26  1500   332969      0      0 0        323744      0      0      0 BMRU
s1-eth27  1500   328426      0      0 0        320991      0      0      0 BMRU
s1-eth28  1500   320754      0      0 0        311815      0      0      0 BMRU
s1-eth29  1500   323721      0      0 0        313605      0      0      0 BMRU
s1-eth30  1500   325249      0      0 0        314307      0      0      0 BMRU
s1-eth31  1500   328188      0      0 0        318664      0      0      0 BMRU
s1-eth32  1500   329565      0      0 0        317231      0      0      0 BMRU
s1-eth33  1500   328271      0      0 0        320045      0      0      0 BMRU
s1-eth34  1500   313802      0      0 0        302060      0      0      0 BMRU
s1-eth35  1500   334075      0      0 0        322734      0      0      0 BMRU
s1-eth36  1500   317162      0      0 0        305701      0      0      0 BMRU
s1-eth37  1500   320806      0      0 0        311597      0      0      0 BMRU
s1-eth38  1500   329069      0      0 0        318042      0      0      0 BMRU
s1-eth39  1500   331594      0      0 0        319306      0      0      0 BMRU
s1-eth40  1500   321863      0      0 0        313507      0      0      0 BMRU
s1-eth41  1500   332767      0      0 0        321515      0      0      0 BMRU
s1-eth42  1500   311825      0      0 0        303052      0      0      0 BMRU
s1-eth43  1500   319056      0      0 0        310747      0      0      0 BMRU
s1-eth44  1500   322413      0      0 0        309640      0      0      0 BMRU
s1-eth45  1500   321005      0      0 0        312353      0      0      0 BMRU
s1-eth46  1500   318281      0      0 0        307308      0      0      0 BMRU
s1-eth47  1500   320567      0      0 0        310461      0      0      0 BMRU
s1-eth48  1500   332348      0      0 0        322478      0      0      0 BMRU
s1-eth49  1500   310654      0      0 0        304148      0      0      0 BMRU
s1-eth50  1500   317361      0      0 0        307612      0      0      0 BMRU
s1-eth51  1500   334480      0      0 0        322154      0      0      0 BMRU
s1-eth52  1500   314731      0      0 0        305869      0      0      0 BMRU
s1-eth53  1500   315949      0      0 0        304842      0      0      0 BMRU
s1-eth54  1500   327470      0      0 0        318121      0      0      0 BMRU
s1-eth55  1500   320037      0      0 0        307531      0      0      0 BMRU
s1-eth56  1500   321156      0      0 0        314102      0      0      0 BMRU
s1-eth57  1500   311544      0      0 0        302441      0      0      0 BMRU
s1-eth58  1500   310104      0      0 0        303613      0      0      0 BMRU
s1-eth59  1500   302545      0      0 0        294064      0      0      0 BMRU
s1-eth60  1500   313035      0      0 0        302907      0      0      0 BMRU
s1-eth61  1500   316333      0      0 0        307425      0      0      0 BMRU
s1-eth62  1500   306657      0      0 0        298481      0      0      0 BMRU
s1-eth63  1500   317198      0      0 0        307977      0      0      0 BMRU
s1-eth64  1500   320441      0      0 0        310726      0      0      0 BMRU
s1-eth65  1500   313625      0      0 0        304516      0      0      0 BMRU
s1-eth66  1500   305399      0      0 0        296701      0      0      0 BMRU
s1-eth67  1500   322608      0      0 0        311888      0      0      0 BMRU
s1-eth68  1500   307120      0      0 0        297876      0      0      0 BMRU
s1-eth69  1500   321202      0      0 0        313126      0      0      0 BMRU
s1-eth70  1500   311764      0      0 0        304052      0      0      0 BMRU
s1-eth71  1500   319932      0      0 0        309927      0      0      0 BMRU
s1-eth72  1500   309888      0      0 0        299358      0      0      0 BMRU
s1-eth73  1500   311309      0      0 0        301696      0      0      0 BMRU
s1-eth74  1500   342903      0      0 0        332606      0      0      0 BMRU
s1-eth75  1500   314652      0      0 0        304211      0      0      0 BMRU
s1-eth76  1500   320374      0      0 0        311225      0      0      0 BMRU
s1-eth77  1500   336953      0      0 0        326157      0      0      0 BMRU
s1-eth78  1500   313550      0      0 0        303046      0      0      0 BMRU
s1-eth79  1500   318196      0      0 0        308888      0      0      0 BMRU
s1-eth80  1500   304160      0      0 0        294903      0      0      0 BMRU
s1-eth81  1500   320599      0      0 0        309520      0      0      0 BMRU
s1-eth82  1500   332799      0      0 0        323813      0      0      0 BMRU
s1-eth83  1500   306406      0      0 0        298202      0      0      0 BMRU
s1-eth84  1500   322393      0      0 0        312519      0      0      0 BMRU
s1-eth85  1500   315615      0      0 0        303885      0      0      0 BMRU
s1-eth86  1500   325711      0      0 0        314149      0      0      0 BMRU
s1-eth87  1500   325475      0      0 0        316570      0      0      0 BMRU
s1-eth88  1500   321057      0      0 0        312032      0      0      0 BMRU
s1-eth89  1500   320190      0      0 0        310050      0      0      0 BMRU
s1-eth90  1500   309579      0      0 0        299622      0      0      0 BMRU
s1-eth91  1500   332471      0      0 0        322120      0      0      0 BMRU
s1-eth92  1500   322396      0      0 0        312447      0      0      0 BMRU
s1-eth93  1500   312498      0      0 0        302734      0      0      0 BMRU
s1-eth94  1500   324829      0      0 0        316538      0      0      0 BMRU
s1-eth95  1500   297721      0      0 0        289556      0      0      0 BMRU
s1-eth96  1500   329460      0      0 0        319584      0      0      0 BMRU
s1-eth97  1500   321193      0      0 0        310738      0      0      0 BMRU
s1-eth98  1500   345696      0      0 0        335556      0      0      0 BMRU
s1-eth99  1500   339326      0      0 0        330842      0      0      0 BMRU
s1-eth10  1500   361696      0      0 0        353804      0      0      0 BMRU
s1-eth10  1500 32305995      0      0 0      33298461      0      0      0 BMRU
Kernel Interface table
Iface      MTU    RX-OK RX-ERR RX-DRP RX-OVR    TX-OK TX-ERR TX-DRP TX-OVR Flg
enp0s31f  1500   959512      0      0 0        115951      0      0      0 BMRU
lo       65536   671665      0      0 0        671665      0      0      0 LRU
s1-eth1   1500   667595      0      0 0        658593      0      0      0 BMRU
s1-eth2   1500   443581      0      0 0        435000      0      0      0 BMRU
s1-eth3   1500   471508      0      0 0        460842      0      0      0 BMRU
s1-eth4   1500   462729      0      0 0        455665      0      0      0 BMRU
s1-eth5   1500   406856      0      0 0        399820      0      0      0 BMRU
s1-eth6   1500   384170      0      0 0        374338      0      0      0 BMRU
s1-eth7   1500   376455      0      0 0        368077      0      0      0 BMRU
s1-eth8   1500   391119      0      0 0        381705      0      0      0 BMRU
s1-eth9   1500   389427      0      0 0        379009      0      0      0 BMRU
s1-eth10  1500   359521      0      0 0        347075      0      0      0 BMRU
s1-eth11  1500   363104      0      0 0        352126      0      0      0 BMRU
s1-eth12  1500   381489      0      0 0        373016      0      0      0 BMRU
s1-eth13  1500   354523      0      0 0        341888      0      0      0 BMRU
s1-eth14  1500   344741      0      0 0        334995      0      0      0 BMRU
s1-eth15  1500   347800      0      0 0        337521      0      0      0 BMRU
s1-eth16  1500   359722      0      0 0        349405      0      0      0 BMRU
s1-eth17  1500   350563      0      0 0        340370      0      0      0 BMRU
s1-eth18  1500   359828      0      0 0        351925      0      0      0 BMRU
s1-eth19  1500   357321      0      0 0        345489      0      0      0 BMRU
s1-eth20  1500   340025      0      0 0        331552      0      0      0 BMRU
s1-eth21  1500   353229      0      0 0        342804      0      0      0 BMRU
s1-eth22  1500   339066      0      0 0        331150      0      0      0 BMRU
s1-eth23  1500   371749      0      0 0        362923      0      0      0 BMRU
s1-eth24  1500   356621      0      0 0        346015      0      0      0 BMRU
s1-eth25  1500   350205      0      0 0        341210      0      0      0 BMRU
s1-eth26  1500   348052      0      0 0        338288      0      0      0 BMRU
s1-eth27  1500   343363      0      0 0        335312      0      0      0 BMRU
s1-eth28  1500   336268      0      0 0        326639      0      0      0 BMRU
s1-eth29  1500   341902      0      0 0        330611      0      0      0 BMRU
s1-eth30  1500   339813      0      0 0        328439      0      0      0 BMRU
s1-eth31  1500   343170      0      0 0        333476      0      0      0 BMRU
s1-eth32  1500   346878      0      0 0        334304      0      0      0 BMRU
s1-eth33  1500   343516      0      0 0        333690      0      0      0 BMRU
s1-eth34  1500   329196      0      0 0        316639      0      0      0 BMRU
s1-eth35  1500   349106      0      0 0        337242      0      0      0 BMRU
s1-eth36  1500   332432      0      0 0        320571      0      0      0 BMRU
s1-eth37  1500   338189      0      0 0        328242      0      0      0 BMRU
s1-eth38  1500   343635      0      0 0        332403      0      0      0 BMRU
s1-eth39  1500   346613      0      0 0        333997      0      0      0 BMRU
s1-eth40  1500   336944      0      0 0        328427      0      0      0 BMRU
s1-eth41  1500   347580      0      0 0        336185      0      0      0 BMRU
s1-eth42  1500   326259      0      0 0        316805      0      0      0 BMRU
s1-eth43  1500   334625      0      0 0        325719      0      0      0 BMRU
s1-eth44  1500   337131      0      0 0        324280      0      0      0 BMRU
s1-eth45  1500   336728      0      0 0        327560      0      0      0 BMRU
s1-eth46  1500   334915      0      0 0        323400      0      0      0 BMRU
s1-eth47  1500   335378      0      0 0        325157      0      0      0 BMRU
s1-eth48  1500   347129      0      0 0        337191      0      0      0 BMRU
s1-eth49  1500   325774      0      0 0        318640      0      0      0 BMRU
s1-eth50  1500   332253      0      0 0        321999      0      0      0 BMRU
s1-eth51  1500   349322      0      0 0        336575      0      0      0 BMRU
s1-eth52  1500   329534      0      0 0        320123      0      0      0 BMRU
s1-eth53  1500   330667      0      0 0        319194      0      0      0 BMRU
s1-eth54  1500   342695      0      0 0        332608      0      0      0 BMRU
s1-eth55  1500   334910      0      0 0        322297      0      0      0 BMRU
s1-eth56  1500   336199      0      0 0        328709      0      0      0 BMRU
s1-eth57  1500   326348      0      0 0        317154      0      0      0 BMRU
s1-eth58  1500   324942      0      0 0        318017      0      0      0 BMRU
s1-eth59  1500   316845      0      0 0        308208      0      0      0 BMRU
s1-eth60  1500   317683      0      0 0        307374      0      0      0 BMRU
s1-eth61  1500   330865      0      0 0        321536      0      0      0 BMRU
s1-eth62  1500   322078      0      0 0        312495      0      0      0 BMRU
s1-eth63  1500   331677      0      0 0        322373      0      0      0 BMRU
s1-eth64  1500   335151      0      0 0        324706      0      0      0 BMRU
s1-eth65  1500   328126      0      0 0        318862      0      0      0 BMRU
s1-eth66  1500   319912      0      0 0        311080      0      0      0 BMRU
s1-eth67  1500   337766      0      0 0        326435      0      0      0 BMRU
s1-eth68  1500   321530      0      0 0        312069      0      0      0 BMRU
s1-eth69  1500   335838      0      0 0        327627      0      0      0 BMRU
s1-eth70  1500   328523      0      0 0        320403      0      0      0 BMRU
s1-eth71  1500   335267      0      0 0        324570      0      0      0 BMRU
s1-eth72  1500   324505      0      0 0        313672      0      0      0 BMRU
s1-eth73  1500   325828      0      0 0        315496      0      0      0 BMRU
s1-eth74  1500   357549      0      0 0        347069      0      0      0 BMRU
s1-eth75  1500   329404      0      0 0        318758      0      0      0 BMRU
s1-eth76  1500   335365      0      0 0        325540      0      0      0 BMRU
s1-eth77  1500   351773      0      0 0        340861      0      0      0 BMRU
s1-eth78  1500   328545      0      0 0        316806      0      0      0 BMRU
s1-eth79  1500   332860      0      0 0        323446      0      0      0 BMRU
s1-eth80  1500   319005      0      0 0        309595      0      0      0 BMRU
s1-eth81  1500   335545      0      0 0        324196      0      0      0 BMRU
s1-eth82  1500   349472      0      0 0        339528      0      0      0 BMRU
s1-eth83  1500   313914      0      0 0        305428      0      0      0 BMRU
s1-eth84  1500   337761      0      0 0        327224      0      0      0 BMRU
s1-eth85  1500   330544      0      0 0        318558      0      0      0 BMRU
s1-eth86  1500   340703      0      0 0        328478      0      0      0 BMRU
s1-eth87  1500   330872      0      0 0        321731      0      0      0 BMRU
s1-eth88  1500   336219      0      0 0        326912      0      0      0 BMRU
s1-eth89  1500   335557      0      0 0        324461      0      0      0 BMRU
s1-eth90  1500   325182      0      0 0        314062      0      0      0 BMRU
s1-eth91  1500   347581      0      0 0        336322      0      0      0 BMRU
s1-eth92  1500   337138      0      0 0        326940      0      0      0 BMRU
s1-eth93  1500   328570      0      0 0        316950      0      0      0 BMRU
s1-eth94  1500   341446      0      0 0        332923      0      0      0 BMRU
s1-eth95  1500   314595      0      0 0        306225      0      0      0 BMRU
s1-eth96  1500   344991      0      0 0        334548      0      0      0 BMRU
s1-eth97  1500   337753      0      0 0        326996      0      0      0 BMRU
s1-eth98  1500   362104      0      0 0        351778      0      0      0 BMRU
s1-eth99  1500   355184      0      0 0        346562      0      0      0 BMRU
s1-eth10  1500   378943      0      0 0        370335      0      0      0 BMRU
s1-eth10  1500 33804994      0      0 0      34844050      0      0      0 BMRU
Kernel Interface table
Iface      MTU    RX-OK RX-ERR RX-DRP RX-OVR    TX-OK TX-ERR TX-DRP TX-OVR Flg
enp0s31f  1500   960002      0      0 0        115962      0      0      0 BMRU
lo       65536   672535      0      0 0        672535      0      0      0 LRU
s1-eth1   1500   694965      0      0 0        685477      0      0      0 BMRU
s1-eth2   1500   461160      0      0 0        452118      0      0      0 BMRU
s1-eth3   1500   495161      0      0 0        484162      0      0      0 BMRU
s1-eth4   1500   478160      0      0 0        470686      0      0      0 BMRU
s1-eth5   1500   429625      0      0 0        422115      0      0      0 BMRU
s1-eth6   1500   403620      0      0 0        393095      0      0      0 BMRU
s1-eth7   1500   389758      0      0 0        380821      0      0      0 BMRU
s1-eth8   1500   406484      0      0 0        396826      0      0      0 BMRU
s1-eth9   1500   410620      0      0 0        399793      0      0      0 BMRU
s1-eth10  1500   375154      0      0 0        362003      0      0      0 BMRU
s1-eth11  1500   379309      0      0 0        367827      0      0      0 BMRU
s1-eth12  1500   397218      0      0 0        387629      0      0      0 BMRU
s1-eth13  1500   373146      0      0 0        359587      0      0      0 BMRU
s1-eth14  1500   360570      0      0 0        349950      0      0      0 BMRU
s1-eth15  1500   363456      0      0 0        352758      0      0      0 BMRU
s1-eth16  1500   375227      0      0 0        364575      0      0      0 BMRU
s1-eth17  1500   367797      0      0 0        357367      0      0      0 BMRU
s1-eth18  1500   378725      0      0 0        370431      0      0      0 BMRU
s1-eth19  1500   372778      0      0 0        360468      0      0      0 BMRU
s1-eth20  1500   355627      0      0 0        346610      0      0      0 BMRU
s1-eth21  1500   368824      0      0 0        357692      0      0      0 BMRU
s1-eth22  1500   354597      0      0 0        345790      0      0      0 BMRU
s1-eth23  1500   387112      0      0 0        377553      0      0      0 BMRU
s1-eth24  1500   372276      0      0 0        361287      0      0      0 BMRU
s1-eth25  1500   365213      0      0 0        355980      0      0      0 BMRU
s1-eth26  1500   366394      0      0 0        356151      0      0      0 BMRU
s1-eth27  1500   358515      0      0 0        349935      0      0      0 BMRU
s1-eth28  1500   351348      0      0 0        341234      0      0      0 BMRU
s1-eth29  1500   354730      0      0 0        342908      0      0      0 BMRU
s1-eth30  1500   355536      0      0 0        343222      0      0      0 BMRU
s1-eth31  1500   358655      0      0 0        348209      0      0      0 BMRU
s1-eth32  1500   361848      0      0 0        348874      0      0      0 BMRU
s1-eth33  1500   359376      0      0 0        348618      0      0      0 BMRU
s1-eth34  1500   343859      0      0 0        331120      0      0      0 BMRU
s1-eth35  1500   363767      0      0 0        351666      0      0      0 BMRU
s1-eth36  1500   347732      0      0 0        335366      0      0      0 BMRU
s1-eth37  1500   353192      0      0 0        342860      0      0      0 BMRU
s1-eth38  1500   358538      0      0 0        346796      0      0      0 BMRU
s1-eth39  1500   361561      0      0 0        348452      0      0      0 BMRU
s1-eth40  1500   351684      0      0 0        343069      0      0      0 BMRU
s1-eth41  1500   362095      0      0 0        350539      0      0      0 BMRU
s1-eth42  1500   343518      0      0 0        333529      0      0      0 BMRU
s1-eth43  1500   349576      0      0 0        340180      0      0      0 BMRU
s1-eth44  1500   355110      0      0 0        341751      0      0      0 BMRU
s1-eth45  1500   352521      0      0 0        342833      0      0      0 BMRU
s1-eth46  1500   349767      0      0 0        338124      0      0      0 BMRU
s1-eth47  1500   350540      0      0 0        340115      0      0      0 BMRU
s1-eth48  1500   361756      0      0 0        351637      0      0      0 BMRU
s1-eth49  1500   341094      0      0 0        333268      0      0      0 BMRU
s1-eth50  1500   347109      0      0 0        336503      0      0      0 BMRU
s1-eth51  1500   364029      0      0 0        350498      0      0      0 BMRU
s1-eth52  1500   344211      0      0 0        334040      0      0      0 BMRU
s1-eth53  1500   346384      0      0 0        334044      0      0      0 BMRU
s1-eth54  1500   357640      0      0 0        347251      0      0      0 BMRU
s1-eth55  1500   350023      0      0 0        337064      0      0      0 BMRU
s1-eth56  1500   351020      0      0 0        342418      0      0      0 BMRU
s1-eth57  1500   341984      0      0 0        331798      0      0      0 BMRU
s1-eth58  1500   339855      0      0 0        332246      0      0      0 BMRU
s1-eth59  1500   331692      0      0 0        321756      0      0      0 BMRU
s1-eth60  1500   329323      0      0 0        317487      0      0      0 BMRU
s1-eth61  1500   345441      0      0 0        335543      0      0      0 BMRU
s1-eth62  1500   336868      0      0 0        326089      0      0      0 BMRU
s1-eth63  1500   346601      0      0 0        336641      0      0      0 BMRU
s1-eth64  1500   350515      0      0 0        339488      0      0      0 BMRU
s1-eth65  1500   346256      0      0 0        336738      0      0      0 BMRU
s1-eth66  1500   334369      0      0 0        325371      0      0      0 BMRU
s1-eth67  1500   352429      0      0 0        340490      0      0      0 BMRU
s1-eth68  1500   336496      0      0 0        326494      0      0      0 BMRU
s1-eth69  1500   350363      0      0 0        341946      0      0      0 BMRU
s1-eth70  1500   344063      0      0 0        334951      0      0      0 BMRU
s1-eth71  1500   349888      0      0 0        338721      0      0      0 BMRU
s1-eth72  1500   338922      0      0 0        327937      0      0      0 BMRU
s1-eth73  1500   340684      0      0 0        329316      0      0      0 BMRU
s1-eth74  1500   372660      0      0 0        361440      0      0      0 BMRU
s1-eth75  1500   343874      0      0 0        332649      0      0      0 BMRU
s1-eth76  1500   350342      0      0 0        340367      0      0      0 BMRU
s1-eth77  1500   368975      0      0 0        357828      0      0      0 BMRU
s1-eth78  1500   343151      0      0 0        330617      0      0      0 BMRU
s1-eth79  1500   347318      0      0 0        337642      0      0      0 BMRU
s1-eth80  1500   333802      0      0 0        323769      0      0      0 BMRU
s1-eth81  1500   350521      0      0 0        338603      0      0      0 BMRU
s1-eth82  1500   364308      0      0 0        354064      0      0      0 BMRU
s1-eth83  1500   325282      0      0 0        316408      0      0      0 BMRU
s1-eth84  1500   353885      0      0 0        342681      0      0      0 BMRU
s1-eth85  1500   345337      0      0 0        333177      0      0      0 BMRU
s1-eth86  1500   355651      0      0 0        343282      0      0      0 BMRU
s1-eth87  1500   343069      0      0 0        333477      0      0      0 BMRU
s1-eth88  1500   350792      0      0 0        341211      0      0      0 BMRU
s1-eth89  1500   350324      0      0 0        339040      0      0      0 BMRU
s1-eth90  1500   340380      0      0 0        327701      0      0      0 BMRU
s1-eth91  1500   362379      0      0 0        350782      0      0      0 BMRU
s1-eth92  1500   352081      0      0 0        341094      0      0      0 BMRU
s1-eth93  1500   343636      0      0 0        331390      0      0      0 BMRU
s1-eth94  1500   357676      0      0 0        348090      0      0      0 BMRU
s1-eth95  1500   330825      0      0 0        321472      0      0      0 BMRU
s1-eth96  1500   360176      0      0 0        348882      0      0      0 BMRU
s1-eth97  1500   353279      0      0 0        342272      0      0      0 BMRU
s1-eth98  1500   379728      0      0 0        369138      0      0      0 BMRU
s1-eth99  1500   370462      0      0 0        361626      0      0      0 BMRU
s1-eth10  1500   395674      0      0 0        386533      0      0      0 BMRU
s1-eth10  1500 35316471      0      0 0      36410249      0      0      0 BMRU
